10	 1.433889
11	 1.480903
12	 1.958132
13	 1.464962
14	 0.478563
15	 0.202187
16	 0.374480
17	 -0.165652
18	 -0.417001
19	 0.480492
20	 -0.985507
21	 -0.732816
22	 1.581113
23	 1.532324
24	 1.278514
25	 -0.223777
26	 0.260454
27	 -0.402342
28	 -0.130095
29	 0.121863
30	 1.355736
31	 1.635257
32	 0.544182
33	 0.464416
34	 1.154957
35	 2.702659
36	 2.699779
37	 1.944925
38	 1.457488
39	 1.241987
40	 0.280982
41	 1.403458
42	 -0.579933
43	 -0.380648
44	 -0.627104
45	 -0.907455
46	 0.112429
47	 0.527681
48	 0.725349
49	 0.435041
50	 1.666404
51	 1.905139
52	 0.760754
53	 0.998346
54	 1.614499
55	 1.499595
56	 2.702556
57	 1.351213
58	 2.068556
59	 2.539118
60	 1.423927
61	 -0.784729
62	 1.152528
63	 1.621536
64	 0.933265
65	 0.238347
66	 -0.609815
67	 -0.936085
68	 -0.520682
69	 0.019826
70	 1.583838
71	 2.950847
72	 -1.367492
73	 1.026764
74	 -0.718366
75	 2.193352
76	 0.347384
77	 1.093556
78	 0.923279
79	 1.284306
80	 2.733338
81	 3.158436
82	 3.320281
83	 2.800144
84	 1.792507
85	 0.071145
86	 0.452426
87	 3.326984
88	 4.227602
89	 2.921448
90	 2.328021
91	 3.683255
92	 3.451365
93	 -4.177587
94	 2.286424
95	 0.995689
96	 0.817573
97	 0.090469
98	 -0.390781
99	 1.614480
100	 3.417004
101	 -0.765816
102	 1.796696
103	 0.622938
104	 0.484125
105	 0.977169
106	 0.407870
107	 0.625632
108	 1.173761
109	 -0.969468
110	 0.959621
111	 1.600187
112	 1.887094
113	 1.141683
114	 1.131459
115	 2.878527
116	 2.486442
117	 -0.972623
118	 0.718874
119	 -0.019930
120	 0.124354
121	 -0.977334
122	 -1.295990
123	 -1.397771
124	 -2.632108
125	 -2.199261
126	 -0.367025
127	 0.803120
128	 0.735768
129	 -0.271150
130	 -0.833252
131	 -1.484383
132	 -2.469396
133	 -1.668815
134	 0.250771
135	 0.388245
136	 -0.079055
137	 0.673916
138	 -0.141359
139	 1.678672
140	 1.851066
141	 0.432298
142	 -0.831618
143	 -2.137443
144	 -2.638490
145	 -4.167508
146	 -4.422618
147	 -4.220642
148	 -3.272433
149	 -2.312285
150	 -2.320796
151	 -1.793275
152	 1.329553
153	 0.009244
154	 0.174689
155	 0.367480
156	 -0.252793
157	 0.711144
158	 0.958522
159	 -0.568231
160	 -1.009059
161	 1.300615
162	 1.130810
163	 -0.614460
164	 -2.123117
165	 -1.503253
166	 -0.473215
167	 0.695841
168	 -1.145503
169	 -0.995419
170	 -0.539108
171	 0.115991
172	 0.696370
173	 0.959618
174	 0.538750
175	 0.646996
176	 0.731217
177	 0.210171
178	 0.419678
179	 1.047750
180	 0.715098
181	 0.151847
182	 0.926928
183	 -0.852797
184	 0.625592
185	 -1.312286
186	 -3.644756
187	 -2.584784
188	 -0.829315
189	 -0.292594
190	 -0.171994
191	 -0.301687
192	 -0.930061
193	 -2.297567
194	 -5.379570
195	 -16.645408
196	 -14.923362
197	 -2.260493
198	 -0.611783
199	 1.508666
200	 1.929428
201	 -0.696776
202	 -0.353638
203	 0.892155
204	 0.522772
205	 -0.026352
206	 -0.280325
207	 -0.419461
208	 -0.016674
209	 -0.470950
210	 -0.484351
211	 0.176142
212	 0.250622
213	 -0.105410
214	 -0.114174
215	 -0.084668
216	 -0.147364
217	 -0.216200
218	 -0.826552
219	 -0.839217
220	 0.644810
221	 -0.207627
222	 0.120429
223	 -0.733202
224	 -0.870440
225	 -0.345990
226	 -0.170816
227	 -0.092417
228	 -0.190957
229	 0.303989
230	 -0.433831
231	 -0.683821
232	 -0.434113
233	 -0.397999
234	 -0.452129
235	 -0.483400
236	 -0.153667
237	 0.116548
238	 0.169615
