10	 -0.699052	  0.456691	 0.456691	 0.969169	 0.270117	 -0.886067
11	 -0.393564	  0.915795	 0.915795	 0.880978	 0.487415	 -1.185401
12	 0.586158	  1.811753	 1.811753	 0.687797	 1.273955	 -2.879290
13	 0.913299	  2.082837	 2.082837	 -0.567388	 0.345911	 -4.856404
14	 -0.037172	  0.439085	 0.439085	 0.184430	 0.147258	 -0.199651
15	 -0.199809	  -0.270323	 -0.270323	 0.072657	 -0.127152	 -0.087592
16	 -0.170369	  -0.273992	 -0.273992	 -0.201317	 -0.371685	 -0.040774
17	 -0.117404	  0.044306	 0.044306	 -0.144572	 -0.261976	 0.015010
18	 0.188751	  0.294564	 0.294564	 -0.229010	 -0.040259	 -0.129994
19	 0.184057	  0.629018	 0.629018	 -0.067572	 0.116485	 -0.408101
20	 0.021176	  1.222861	 1.222861	 -0.042977	 -0.021801	 -1.496298
21	 -0.078227	  0.601486	 0.601486	 -0.336272	 -0.414499	 -0.335480
22	 -0.147957	  -0.665868	 -0.665868	 -1.100436	 -1.248393	 -0.280563
23	 -0.621597	  -1.334551	 -1.334551	 -0.616281	 -1.237877	 -1.397949
24	 -0.153898	  -1.071179	 -1.071179	 -0.567453	 -0.721351	 -1.060096
25	 0.488237	  -0.330134	 -0.330134	 -0.251438	 0.236799	 -0.231750
26	 0.250061	  0.069257	 0.069257	 0.256236	 0.506297	 0.059278
27	 -0.490823	  0.494092	 0.494092	 0.089212	 -0.401612	 -0.287914
28	 -0.176821	  0.212252	 0.212252	 0.145150	 -0.031671	 -0.070717
29	 -0.114102	  -0.196063	 -0.196063	 0.104241	 -0.009861	 -0.050335
30	 -0.978858	  -1.388824	 -1.388824	 -0.264384	 -1.243242	 -1.670038
31	 -0.833377	  -1.690886	 -1.690886	 -0.337910	 -1.171287	 -2.577488
32	 -0.345160	  -0.353537	 -0.353537	 -0.339983	 -0.685143	 -0.007640
33	 -0.290227	  -0.337351	 -0.337351	 -0.256123	 -0.546349	 -0.039472
34	 -0.695653	  -1.417030	 -1.417030	 0.086248	 -0.609405	 -2.067971
35	 -1.019113	  -2.566168	 -2.566168	 -0.863700	 -1.882813	 -5.705012
36	 -1.187729	  -2.251204	 -2.251204	 -1.186241	 -2.373970	 -3.658987
37	 -1.114972	  -1.789126	 -1.789126	 -0.662294	 -1.777265	 -2.462532
38	 -0.952321	  -1.460974	 -1.460974	 -0.337646	 -1.289967	 -1.812896
39	 -1.110407	  -1.207594	 -1.207594	 -0.313799	 -1.424205	 -1.109840
40	 -0.998309	  -0.454732	 -0.454732	 0.651349	 -0.346960	 -0.857029
41	 -0.781233	  0.630479	 0.630479	 0.913097	 0.131864	 -1.110846
42	 -0.929204	  0.879393	 0.879393	 0.561395	 -0.367809	 -1.294983
43	 -0.714712	  0.429531	 0.429531	 0.055568	 -0.659144	 -0.224212
44	 -0.378126	  0.894050	 0.894050	 0.242558	 -0.135568	 -0.891042
45	 -0.812130	  1.011782	 1.011782	 -0.034828	 -0.846957	 -0.995418
46	 -0.808644	  -0.131483	 -0.131483	 0.134130	 -0.674514	 -0.125751
47	 -0.910978	  -0.757084	 -0.757084	 0.436008	 -0.474969	 -0.970370
48	 -1.463621	  -0.838858	 -0.838858	 0.171602	 -1.292019	 -0.954844
49	 -1.032615	  -0.421920	 -0.421920	 -0.087720	 -1.120335	 -0.087435
50	 -1.646101	  -1.542849	 -1.542849	 -0.524575	 -2.170676	 -1.516878
51	 -1.406533	  -1.712482	 -1.712482	 -0.684316	 -2.090849	 -1.970082
52	 -0.937362	  -0.765776	 -0.765776	 -0.132279	 -1.069641	 -0.462420
53	 -0.092514	  0.125277	 0.125277	 0.685837	 0.593323	 -0.079144
54	 0.533330	  0.441955	 0.441955	 1.228597	 1.761927	 0.459923
55	 -0.118654	  0.084713	 0.084713	 0.996405	 0.877751	 -0.125404
56	 -0.273043	  1.253528	 1.253528	 1.799799	 1.526756	 -2.062755
57	 0.055679	  0.245377	 0.245377	 0.959694	 1.015373	 -0.006775
58	 -0.792247	  -2.185526	 -2.185526	 -0.402789	 -1.195036	 -4.457416
59	 -1.180255	  -2.614756	 -2.614756	 -0.551520	 -1.731775	 -6.186016
60	 -0.535582	  -1.241714	 -1.241714	 -0.572617	 -1.108199	 -1.235171
61	 -0.362883	  -0.314996	 -0.314996	 0.521433	 0.158550	 -0.288442
62	 -0.253488	  0.229248	 0.229248	 0.796509	 0.543022	 -0.254460
63	 -0.423572	  0.692344	 0.692344	 1.082419	 0.658846	 -0.937823
64	 -0.078043	  0.448292	 0.448292	 0.617208	 0.539165	 -0.249135
65	 0.134020	  -0.150574	 -0.150574	 -0.139876	 -0.005856	 -0.041419
66	 0.448163	  -0.617443	 -0.617443	 0.128051	 0.576215	 -0.323848
67	 0.424148	  -0.352773	 -0.352773	 0.717473	 1.141620	 0.179865
68	 0.144629	  -0.343576	 -0.343576	 0.305839	 0.450468	 -0.073811
69	 -0.091321	  -0.012213	 -0.012213	 -0.036936	 -0.128257	 0.003224
70	 -0.156115	  1.464352	 1.464352	 0.603093	 0.446978	 -2.238478
71	 -0.289427	  1.550862	 1.550862	 1.897011	 1.607584	 -2.954219
72	 -0.671312	  -0.302037	 -0.302037	 0.928488	 0.257176	 -0.714532
73	 -0.712241	  -1.119640	 -1.119640	 -0.109250	 -0.821491	 -1.175781
74	 -0.451621	  -0.344408	 -0.344408	 0.460459	 0.008838	 -0.326570
75	 -0.616927	  0.043726	 0.043726	 1.414776	 0.797849	 -0.874725
76	 -1.424801	  -0.662317	 -0.662317	 1.377569	 -0.047232	 -2.401426
77	 -1.004998	  -1.722236	 -1.722236	 0.853590	 -0.151409	 -3.823953
78	 -1.179310	  -1.576527	 -1.576527	 1.148133	 -0.031177	 -3.839442
79	 -1.942298	  -1.739512	 -1.739512	 0.723087	 -1.219211	 -4.430354
80	 -1.943976	  -2.997836	 -2.997836	 -0.258946	 -2.202922	 -8.483638
81	 -2.130187	  -3.420020	 -3.420020	 -0.379013	 -2.509200	 -10.889165
82	 -2.730227	  -3.601166	 -3.601166	 -0.318815	 -3.049042	 -12.097962
83	 -1.622031	  -3.168544	 -3.168544	 -0.188074	 -1.810105	 -9.734609
84	 -1.411471	  -1.766847	 -1.766847	 -0.433782	 -1.845253	 -2.509479
85	 -0.929003	  -0.095630	 -0.095630	 0.319805	 -0.609199	 -0.306244
86	 -0.870701	  -0.640319	 -0.640319	 0.387468	 -0.483234	 -0.747378
87	 -2.728865	  -3.595606	 -3.595606	 -0.339572	 -3.068437	 -12.001735
88	 -3.019728	  -3.998350	 -3.998350	 -1.270449	 -4.290177	 -12.150389
89	 -2.559141	  -2.521027	 -2.521027	 -1.178237	 -3.737378	 -3.340303
90	 -2.465442	  -2.191300	 -2.191300	 -0.673555	 -3.138996	 -3.141188
91	 -1.878828	  -3.621108	 -3.621108	 -0.992505	 -2.871332	 -11.247681
92	 -1.305570	  -3.728664	 -3.728664	 -0.573766	 -1.879336	 -13.153846
93	 -0.942597	  -3.694114	 -3.694114	 1.766479	 0.823883	 -15.311554
94	 -2.783043	  -3.571608	 -3.571608	 2.040171	 -0.742873	 -18.434268
95	 -1.819951	  -1.560480	 -1.560480	 1.196866	 -0.623085	 -4.613337
96	 -0.426091	  -0.813475	 -0.813475	 -0.207630	 -0.633720	 -0.573273
97	 -0.381280	  -0.147140	 -0.147140	 0.248560	 -0.132720	 -0.116421
98	 -0.649518	  0.506729	 0.506729	 0.188201	 -0.461317	 -0.379014
99	 -0.007815	  0.700225	 0.700225	 1.102337	 1.094523	 -0.498929
100	 -0.206976	  2.002626	 2.002626	 2.106728	 1.899752	 -4.446553
101	 -1.870972	  1.198385	 1.198385	 1.157534	 -0.713438	 -3.601839
102	 -2.891487	  -1.905537	 -1.905537	 -0.067428	 -2.958915	 -3.436104
103	 -1.973806	  -0.705642	 -0.705642	 0.222011	 -1.751795	 -0.936137
104	 -1.640200	  -0.542778	 -0.542778	 0.167785	 -1.472416	 -0.569809
105	 -2.554479	  -1.026593	 -1.026593	 0.031625	 -2.522853	 -1.134680
106	 -3.997222	  -0.453059	 -0.453059	 0.432689	 -3.564533	 -1.934817
107	 -4.118101	  -0.688329	 -0.688329	 0.388935	 -3.729166	 -2.075470
108	 -1.991905	  -1.201003	 -1.201003	 -0.124860	 -2.116765	 -1.193699
109	 0.215031	  -1.122089	 -1.122089	 0.093968	 0.308999	 -1.238877
110	 -0.161276	  -1.212248	 -1.212248	 0.024295	 -0.136981	 -1.473464
111	 -1.404740	  -1.476590	 -1.476590	 -0.516933	 -1.921673	 -1.454162
112	 -1.657748	  -1.899012	 -1.899012	 -0.386473	 -2.044220	 -2.965572
113	 -2.108343	  -1.366856	 -1.366856	 0.342576	 -1.765767	 -2.590563
114	 -2.442380	  -1.422665	 -1.422665	 0.593104	 -1.849276	 -3.472560
115	 -2.949560	  -3.274668	 -3.274668	 0.058618	 -2.890942	 -10.896345
116	 -0.203240	  -3.010078	 -3.010078	 -0.146337	 -0.349577	 -9.030825
117	 0.924841	  -1.242106	 -1.242106	 -0.235426	 0.689415	 -1.760559
118	 0.024608	  -0.208743	 -0.208743	 -0.508388	 -0.483780	 -0.056084
119	 -1.046446	  0.022166	 0.022166	 0.117283	 -0.929163	 -0.123222
120	 -2.118769	  -0.166002	 -0.166002	 0.709614	 -1.409155	 -1.531064
121	 -1.973734	  1.178334	 1.178334	 0.350022	 -1.623712	 -2.079322
122	 -1.907830	  1.558764	 1.558764	 0.298414	 -1.609416	 -2.999067
123	 -1.299939	  1.527858	 1.527858	 -0.094043	 -1.393981	 -2.212100
124	 -3.345784	  2.810736	 2.810736	 -0.165818	 -3.511602	 -7.345447
125	 -5.452793	  2.264288	 2.264288	 -0.080830	 -5.533624	 -4.686251
126	 -5.561159	  0.386942	 0.386942	 0.294684	 -5.266475	 -1.788510
127	 -2.329244	  -1.022810	 -1.022810	 0.620677	 -1.708567	 -2.491848
128	 -1.557077	  -1.008261	 -1.008261	 0.596531	 -0.960545	 -1.945436
129	 -2.384226	  0.343001	 0.343001	 0.629202	 -1.755024	 -1.617809
130	 -1.812496	  1.199938	 1.199938	 0.852397	 -0.960099	 -2.984818
131	 -3.317143	  2.098184	 2.098184	 1.444569	 -1.872574	 -9.194216
132	 -5.398592	  3.338934	 3.338934	 1.941206	 -3.457386	 -21.628259
133	 -3.917494	  2.166870	 2.166870	 1.150316	 -2.767178	 -9.201679
134	 -2.191946	  -0.331417	 -0.331417	 0.704509	 -1.487438	 -1.654082
135	 -0.834082	  -0.430791	 -0.430791	 0.054702	 -0.779379	 -0.231208
136	 -0.183790	  0.047442	 0.047442	 -0.087486	 -0.271276	 0.013828
137	 -0.134161	  0.340446	 0.340446	 0.435372	 0.301211	 -0.174313
138	 -1.585234	  0.179976	 0.179976	 0.432119	 -1.153115	 -0.717401
139	 -3.949503	  -1.799568	 -1.799568	 0.114253	 -3.835250	 -3.689687
140	 -3.195803	  -2.419673	 -2.419673	 0.971386	 -2.224417	 -8.959177
141	 -1.421983	  -0.742076	 -0.742076	 1.097791	 -0.324192	 -2.111717
142	 -0.984783	  1.058462	 1.058462	 0.247094	 -0.737689	 -1.363676
143	 -1.521434	  2.350708	 2.350708	 -0.193056	 -1.714490	 -5.232108
144	 -3.723444	  3.654440	 3.654440	 1.568375	 -2.155069	 -19.194687
145	 -6.556760	  5.835065	 5.835065	 2.860636	 -3.696124	 -52.804482
146	 -7.283521	  5.630894	 5.630894	 1.877126	 -5.406395	 -45.379058
147	 -8.135390	  4.824342	 4.824342	 0.795027	 -7.340364	 -29.742131
148	 -9.317287	  3.567261	 3.567261	 0.569195	 -8.748092	 -18.028710
149	 -7.085867	  2.424099	 2.424099	 0.138128	 -6.947739	 -6.855013
150	 -4.097834	  2.759238	 2.759238	 0.612079	 -3.485755	 -10.121590
151	 -2.050410	  2.639224	 2.639224	 1.206300	 -0.844110	 -9.438913
152	 -0.527481	  1.212753	 1.212753	 0.548633	 0.021152	 -1.760164
153	 -0.526789	  -0.018409	 -0.018409	 0.522515	 -0.004274	 -0.275594
154	 -1.028584	  -0.216765	 -0.216765	 0.244519	 -0.784065	 -0.298495
155	 0.011466	  0.253072	 0.253072	 0.205444	 0.216910	 -0.061690
156	 3.287089	  -0.235301	 -0.235301	 0.234704	 3.521793	 0.716126
157	 3.643553	  0.645532	 0.645532	 0.388262	 4.031816	 0.997943
158	 0.278586	  0.880533	 0.880533	 0.343803	 0.622389	 -0.679560
159	 -2.803868	  0.647609	 0.647609	 0.367486	 -2.436382	 -1.449779
160	 -1.265674	  1.080925	 1.080925	 -0.059660	 -1.325334	 -1.092888
161	 1.198057	  1.408927	 1.408927	 0.109083	 1.307140	 -1.854388
162	 0.656904	  0.950321	 0.950321	 0.487370	 1.144274	 -0.582955
163	 0.479371	  -0.696390	 -0.696390	 0.018151	 0.497523	 -0.476258
164	 4.110172	  -2.583058	 -2.583058	 -0.777358	 3.332814	 -9.867263
165	 5.371992	  -1.986391	 -1.986391	 -1.723369	 3.648623	 -13.203672
166	 2.005611	  -0.594245	 -0.594245	 -0.503173	 1.502437	 -1.362296
167	 -0.053460	  0.793700	 0.793700	 0.116361	 0.062902	 -0.636180
168	 -1.911251	  1.371663	 1.371663	 0.300125	 -1.611125	 -2.455075
169	 -3.556879	  1.236364	 1.236364	 0.833274	 -2.723605	 -4.492451
170	 -4.665735	  0.677559	 0.677559	 1.192399	 -3.473336	 -6.022504
171	 -5.579185	  -0.132671	 -0.132671	 0.801820	 -4.777365	 -4.491102
172	 -5.391580	  -0.752309	 -0.752309	 0.408954	 -4.982626	 -2.770875
173	 -4.378273	  -1.124429	 -1.124429	 0.714540	 -3.663733	 -4.392791
174	 -2.331342	  -0.697241	 -0.697241	 0.680473	 -1.650869	 -2.072561
175	 -2.131932	  -0.791735	 -0.791735	 0.453982	 -1.677951	 -1.594702
176	 -1.387957	  -0.839554	 -0.839554	 0.142838	 -1.245119	 -0.903104
177	 -1.061836	  -0.211936	 -0.211936	 -0.004236	 -1.066072	 -0.040419
178	 -2.104543	  -0.440481	 -0.440481	 0.080351	 -2.024191	 -0.363127
179	 -2.178433	  -1.194819	 -1.194819	 0.217354	 -1.961080	 -1.901083
180	 -0.767430	  -0.918759	 -0.918759	 0.206781	 -0.560649	 -1.002807
181	 -0.258242	  -0.131675	 -0.131675	 -0.063969	 -0.322211	 -0.000819
182	 -0.338783	  -0.457954	 -0.457954	 -0.648714	 -0.987497	 0.010052
183	 0.261548	  -1.122516	 -1.122516	 -0.111457	 0.150091	 -1.289194
184	 -0.054762	  -0.787175	 -0.787175	 0.000577	 -0.054184	 -0.619676
185	 -1.727505	  1.092715	 1.092715	 -0.604381	 -2.331885	 -0.149955
186	 -3.122311	  3.683549	 3.683549	 -0.731054	 -3.853365	 -11.285957
187	 -2.751618	  2.771444	 2.771444	 -0.211751	 -2.963368	 -7.098245
188	 -2.022061	  1.053335	 1.053335	 0.526345	 -1.495717	 -2.173815
189	 -1.683058	  0.399997	 0.399997	 0.620247	 -1.062811	 -1.203909
190	 -1.690162	  0.193122	 0.193122	 0.203540	 -1.486622	 -0.381312
191	 -1.195059	  0.286586	 0.286586	 -0.086178	 -1.281237	 0.020856
192	 -0.970356	  1.119542	 1.119542	 0.127406	 -0.842950	 -1.377004
193	 -2.151373	  2.741204	 2.741204	 0.219653	 -1.931719	 -7.986755
194	 -3.784047	  5.772254	 5.772254	 -0.697681	 -4.481728	 -30.678863
195	 -9.864822	  17.749217	 17.749217	 -2.565141	 -12.429963	 -289.730053
196	 -13.009523	  15.752797	 15.752797	 -1.981166	 -14.990690	 -222.376598
197	 -9.951492	  2.298632	 2.298632	 0.010257	 -9.941235	 -5.385783
198	 -2.644408	  0.725421	 0.725421	 0.468153	 -2.176255	 -1.764222
199	 1.011585	  1.613277	 1.613277	 0.210215	 1.221800	 -2.390013
200	 0.602696	  2.468354	 2.468354	 -0.155913	 0.446783	 -6.186741
201	 -1.071879	  0.959262	 0.959262	 0.432806	 -0.639073	 -1.384099
202	 -1.336384	  0.476809	 0.476809	 0.467858	 -0.868526	 -0.852585
203	 -0.481408	  0.302873	 0.302873	 0.599172	 0.117764	 -0.380178
204	 3.599028	  0.440729	 0.440729	 0.595764	 4.194792	 1.949931
205	 5.140541	  -0.025053	 -0.025053	 0.253542	 5.394083	 1.302716
206	 2.745837	  -0.253054	 -0.253054	 0.278153	 3.023990	 0.699727
207	 -0.244632	  -0.050656	 -0.050656	 0.279468	 0.034836	 -0.070933
208	 -2.649568	  0.017068	 0.017068	 0.062581	 -2.586987	 -0.166103
209	 -2.902035	  0.432980	 0.432980	 -0.262468	 -3.164503	 0.574221
210	 -0.979461	  0.366215	 0.366215	 -0.331423	 -1.310884	 0.190503
211	 0.533801	  0.290880	 0.290880	 -0.375401	 0.158400	 -0.285000
212	 0.599843	  0.358014	 0.358014	 -0.270621	 0.329222	 -0.290504
213	 0.506297	  -0.102665	 -0.102665	 0.020589	 0.526886	 -0.000116
214	 -1.382187	  0.112308	 0.112308	 -0.025823	 -1.408010	 0.023079
215	 -2.379790	  0.081631	 0.081631	 -0.086425	 -2.466216	 0.199011
216	 -2.157514	  0.135621	 0.135621	 -0.175726	 -2.333239	 0.360738
217	 -5.149018	  0.203649	 0.203649	 -0.302252	 -5.451270	 1.514829
218	 -4.713736	  0.799944	 0.799944	 -0.201694	 -4.915429	 0.310821
219	 -1.570258	  1.000813	 1.000813	 0.246998	 -1.323259	 -1.389478
220	 -0.075392	  0.480186	 0.480186	 0.336111	 0.260719	 -0.255919
221	 1.093564	  -0.214577	 -0.214577	 -0.024800	 1.068764	 -0.073164
222	 0.005155	  0.141231	 0.141231	 0.013365	 0.018520	 -0.019877
223	 -0.689025	  0.704231	 0.704231	 -0.195590	 -0.884616	 -0.361175
224	 -0.276968	  0.681376	 0.681376	 -0.425486	 -0.702454	 -0.346428
225	 -0.635712	  0.202487	 0.202487	 -0.338295	 -0.974008	 0.174058
226	 -1.302047	  0.145805	 0.145805	 -0.199710	 -1.501757	 0.238773
227	 -1.102921	  0.090449	 0.090449	 -0.026160	 -1.129081	 0.020671
228	 -0.456935	  0.177480	 0.177480	 -0.058750	 -0.515685	 -0.004654
229	 0.233751	  0.430533	 0.430533	 -0.130128	 0.103623	 -0.215776
230	 -0.173007	  0.287624	 0.287624	 -0.257016	 -0.430022	 -0.038262
231	 -0.678621	  0.423188	 0.423188	 -0.485180	 -1.163801	 0.150165
232	 -1.155008	  0.300475	 0.300475	 -0.423391	 -1.578399	 0.398735
233	 -1.101888	  0.308554	 0.308554	 -0.305505	 -1.407393	 0.241426
234	 -1.066386	  0.409186	 0.409186	 -0.167139	 -1.233525	 0.010802
235	 -1.049832	  0.428760	 0.428760	 -0.195648	 -1.245480	 0.021562
236	 -0.367598	  0.133301	 0.133301	 -0.071960	 -0.439558	 0.008683
237	 -0.104454	  -0.107351	 -0.107351	 -0.037842	 -0.142296	 -0.007571
238	 -0.369612	  -0.141977	 -0.141977	 -0.088799	 -0.458411	 0.012664
